lightning,bears,deer,flowers
0.30471707975443135,-0.4249431417312498,-0.3132758160989288,1.8035045558726197
-1.0399841062404955,0.5186939911149332,-0.30071501813147977,-0.2457898190547274
0.7504511958064572,-1.3150145008036072,1.0171619175281876,2.079610444492962
0.9405647163912139,-0.4947672819357142,-0.05530680407582328,-0.47449688185649963
-1.9510351886538364,2.3442355175845595,-1.9537753625133618,-1.0438560620741215
-1.302179506862318,1.9028253851031196,0.4518790134607855,-2.211234150913925
0.12784040316728537,0.5166707584014474,-0.6614705804459643,-1.3700288266124125
-0.3162425923435822,0.004649647914689026,-0.8621217044640749,1.315945546326606
-0.016801157504288795,0.7764095526349526,0.5034564429858477,-0.6412973391481694
-0.85304392757358,1.4024953165466905,0.04586492876299664,-0.23082256547847357
0.8793979748628286,-2.290090656746873,0.09302121923400897,3.261994853214917
0.7777919354289483,0.5089544686715064,0.6968902701102098,0.01450424806708811
0.06603069756121605,-0.5799815808303754,1.1279562330645578,-1.138088578485008
1.1272412069680329,-3.007784791546823,1.7950172311926684,0.10211743555396463
0.4675093422520456,-1.606054920288757,2.661660760080024,-0.3616549025953568
-0.8592924628832382,0.010105794781563926,0.8376365388328236,-2.0982803116646886
0.36875078408249884,-0.3903276222414651,0.028211157647287582,-0.24508354499448315
-0.9588826008289989,0.8768086154485615,-0.6823217892624952,0.48004366181321356
0.8784503013072725,-1.39097232920932,1.1309652945496484,0.5532589490912815
-0.049925910986252896,0.6796130586659824,-0.09510805668640199,-2.0330711254092173
-0.18486236354526056,0.5617101974470164,-0.3429691469763951,-1.1886619964854181
-0.6809295444039414,1.133163323929016,-1.2650897098805642,1.6377761618992697
1.2225413386740303,-1.0572211490801435,0.10339581739897888,1.6743466834409606
-0.15452948206880215,0.8015700464848008,-0.6675882419434169,-0.4648665919525396
-0.4283278221631072,-1.5939599551817143,0.44375189865982767,-0.9521965906762795
-0.3521335504882296,0.05812200832141429,-1.2424153184228748,0.49558049016062994
0.5323091855533487,-2.8189810871534924,2.676389008805234,-0.5521988417748162
0.36544406436407834,-0.4024729504390986,-2.5320179111477628,0.8161376137451308
0.4127326115959884,-0.4999121061395314,0.32514533321004757,-0.6145449991619041
0.43082100300788273,0.528547071180221,-1.2984322242223296,1.6557614151276905
2.1416476008704612,-1.3823427283234324,0.8390369816746304,1.668651893289816
-0.4064150163846156,0.6904730679139061,-0.7897619571686987,0.6776360346317218
-0.5122427290715373,0.1143301974889449,0.9663812197690754,-2.469441253176642
-0.8137727282478777,1.461688386443191,-1.0614152064383613,0.2049693197055084
0.6159794225754956,-1.2670929444149084,0.7613482653991646,1.2362171984311023
1.1289722927208916,-1.3561594027084187,1.0542021591809148,0.990746557715624
-0.11394745765487507,1.1228732661466179,-1.3819836897326363,0.9811581191540746
-0.840156476962528,0.4504164263656101,1.2633052823393773,-1.9043694248623158
-0.8244812156912396,1.7950560980719885,-1.9496633928182812,-0.37701611505906873
0.6505927878247011,-0.10330997669733888,-0.13290240867377684,0.7366851602390266
0.7432541712034423,-1.8466968225749523,1.9900635261425563,0.6842409729044031
0.543154268305195,0.322109006251167,-0.06438402847987146,0.5235100084714994
-0.6655097072886943,1.4971779941179382,1.1013924478602215,-2.392839380868129
0.23216132306671977,-0.17666770030740625,-0.7901674454873707,0.3162475784491649
0.11668580914072822,-0.9023464289965261,-0.6603861125642969,0.7914749661257391
0.21868859672901295,-1.1216323346503856,-0.1598168846929826,-0.021084721493844882
0.8714287779481898,-1.5833771104408503,1.3883389435866504,0.4720376782954944
0.22359554877468227,0.2742798047623413,0.07219467096352561,0.7182625947267129
0.6789135630718949,-1.7703214430876717,1.1524151079688043,0.8290975242055697
0.06757906948889146,0.35641736523320017,-1.4977959334081232,2.5463536020885
0.28911939868998415,-1.5886988073063735,1.9654007009528096,-0.061890427735623255
0.6312882258385404,-0.9616144554450974,-0.864282348420785,0.36517562816898397
-1.4571558198556664,1.8582347384008084,0.6522629737007053,-2.962989930007999
-0.31967121635730134,2.828735604687678,0.5673133520067957,-0.8245291608576129
-0.4703726542927955,-0.8128684703690128,1.4743308933378985,-2.0006169022980185
-0.6388778482433419,2.2386679843821438,-0.9205907716915126,-1.1966788198445601
-0.27514225122668373,0.48001311545930053,-0.7047577718275828,-0.2510178302430384
1.4949413112343959,-1.3827576554653118,-1.7616844801555525,2.403101644847683
-0.8658311156932432,1.1573452522200964,-0.9516651974737145,-0.9580963287921733
0.9682783545914808,-0.7172072073145439,-1.2220314381888446,1.6047387106278144
-1.6828697716158048,1.865758621576948,-1.779891518541625,0.5732181645200831
-0.33488502998577485,1.855912217440388,0.31994697028791985,-0.393098370936657
0.1627530651050056,-0.6517748223507291,0.7292574060574247,2.1403572634307784
0.5862223313592781,0.428767774548114,-0.47518128156674155,1.1479796476115744
0.711226579792855,-1.4978390159644488,0.4700514853374704,0.1632474240986595
0.7933472351999252,-1.0122685286411972,0.10349280517370091,0.8043698777531934
-0.3487250722484376,-0.6534924655920942,1.8316739590709683,-1.409277372379419
-0.46235179266456716,1.0098458715450005,-0.5713169689540623,0.3265888635078833
0.8579758812571538,0.4155548994179492,-0.5296861764571447,3.3912651187618943
-0.1913043248816149,0.1522090100370838,-0.17994894697309935,-0.9297909594661755
-1.2756863233379219,1.3339378893015965,-0.5221479324331466,-0.17870534479077593
-1.1332872140034806,0.24532769373624985,-0.7210793187617024,-0.5341098146565134
-0.9194522860016113,0.8740500896496255,-2.028832314250502,-1.162312637197039
0.49716074405376404,-2.189387152586044,1.3111579410180267,0.39976504184128514
0.14242573607056525,-1.0837888700035054,0.9179660861399355,0.7817156101835718
0.6904853540677682,-0.6017963787721864,-1.2969015790680376,0.8101885910447416
-0.42725264633653426,1.831716373345237,-1.341217483976119,0.45994045992112487
0.15853969107671423,2.618963231937446,-2.430146098614571,0.1501416672068816
0.6255903939673367,-1.3372935578317047,-1.4529161191847142,0.44638425710903396
-0.3093465397202384,1.8065160043097261,-2.293511831582064,2.313206666032435
0.45677523755741145,-0.30437780466724584,0.3157837278900606,-0.18501235421732426
-0.6619259410666513,0.6430634825336057,0.3378423479688198,-2.0734111536895297
-0.3630538465650718,0.8682590676042383,-1.6446649999915177,0.981366633230913
-0.3817378939983291,0.5200019564779541,-0.004163395131760478,-0.939409738236953
-1.1958396455890397,1.5454033003190661,0.5882159715445443,-2.1979964480046608
0.4869724807855818,-0.9927001397693673,1.2809251001548634,0.3783481844306389
-0.46940234020272387,-0.8348268515555821,1.0315802515482684,-2.400182109241131
0.01249411872768743,-1.5586181449953065,0.9247847221893335,-1.5389709876139095
0.48074665890590895,0.07634889259413624,-1.0826558147939542,1.4407603873011365
0.4465311760299441,-0.8125375013216463,0.8418785932751834,0.8712790690885155
0.6653851089727862,-1.3945510304235103,0.9178918133458183,1.3275596520178419
-0.09848548450942361,0.1266882081344619,0.5941730063887235,-1.1893168577940956
-0.42329831204415375,1.302890227368612,-0.7020887418752758,0.9632109429837717
-0.07971821090639905,0.27602579611407707,0.6341153025698918,-1.3157130372663721
-1.6873344339580298,1.3687463841086684,0.21258833442632236,-0.17867036454545882
-1.4471124724230873,2.962827922556654,-0.7241664362308324,-2.218678239723542
-1.3226996123544024,3.1664250378069148,-0.9208000737760627,0.518069288845132
-0.9972468276014818,1.6912528484446314,-1.5288567317437964,-0.6832579049596964
0.3997742267234366,0.49393443927596625,-2.5725044235978647,4.253751200708885
-0.9054790553600608,2.328534863245884,0.17219472338130615,-0.525242538410497
-0.3781625540393897,1.5838943812517812,-0.8663161691828298,-0.8255740204235698
1.2992282977860654,-0.9449747802306547,-1.9033912315173847,2.2392865100843347
-0.35626397106142593,1.025863812348594,-1.352085751483305,1.3357508630944865
0.7375155684670865,-0.3653581088140012,0.5106841355287602,1.5064326480592245
-0.933617680009877,0.023003541464808874,0.4465141255566807,-1.4102549276250038
-0.20543755786763002,0.9472482263007418,-1.2002347766956907,0.6588413109960568
-0.9500220549105812,-0.21578750523385648,2.3551082589519026,-1.9352470090239058
-0.3390330759005625,-0.38775976404437995,-0.4270768980234185,0.05781587213659417
0.8403081374573955,0.2951953028592129,-1.736075640294042,0.8460870400705887
-1.7273204231923487,2.913004670525016,-1.0284613898703676,-1.9931035172425071
0.43442364354585733,0.9660899174308338,-0.8265649084705541,1.2915813869814958
0.2377356023322779,-0.5569571064860257,0.8074159483123323,0.9118004152445668
-0.5941499556967944,-0.43926889444061423,1.781900014122935,-0.2849125369904806
-1.4460578543884546,1.4948322281958024,0.010075898816058387,-0.8181873482270907
0.07212950771386951,0.015475887983930792,0.4177520335817758,0.07420679601437716
-0.5294927090638024,0.7143799672165726,-0.4785570625589566,0.5013618498035639
0.23267621135470395,0.8544690251310569,-0.8924647884650002,0.2139183342088189
0.02185214552344288,-0.38749299963157696,0.4387961633032994,-0.4363509144947366
1.6017788913209154,-1.5701001977821742,0.34676520076626055,0.6950904185771483
-0.23935562747302427,-0.7014003964669769,1.5952846663814595,-2.6287330673950597
-1.023497492621865,1.6785142691900508,-0.1367191662287227,-0.6965948138877407
0.17927563495631615,-0.21202221176194264,0.09161648552087856,0.31858496517207635
0.21999668397176517,-1.0138093590506356,-0.07269490897287989,0.9805352731589705
1.3591875752404365,-1.8668544524633766,0.6604902050873992,1.5788750200957482
0.8351112459145785,-1.186309241612716,0.37157153582403757,0.9011665667530722
0.35687105914950934,-0.6984004003165074,0.5362450927784476,0.5738032657971013
1.4633028912195618,0.015377772804209489,1.022042998640964,0.8515199850653665
-1.188763054322851,1.3280696628795414,-0.768025031674542,-0.35713044236055624
-0.6397515327497477,0.5238057291223596,0.4626650891150341,-1.753736651091606
-0.9265759414055249,-0.9855598279235118,2.696726665499879,-2.537236275756863
-0.38980980315576796,-0.4264355881925558,0.7936417859972975,-0.3159223483834436
-1.3766861475563088,1.3889499526112177,2.1891390798671164,-3.7164335462911247
0.6351509468144043,-1.4480338123539278,0.41707038193553475,0.4585488731338172
-0.22222269709877338,1.648374829896325,-0.9816699669076268,-0.1808784996026716
-1.4708062945026579,1.6000297780069708,-1.0621875094971294,-1.4008623638210485
-1.0155790812075416,2.5071391467673023,-1.795486702267832,-0.9852256528429681
0.3135138474501953,-0.3145119828898663,0.2811836170373814,1.4138116254356035
0.8381265678943811,-0.9685240450516807,1.0474744485387375,1.2543922854267509
1.9967308916917865,-2.4848735177426446,0.9580962866385252,2.063170434441335
2.9138624660073296,-3.492838707587336,2.071579713357475,3.727338865201644
0.4144094332759964,1.2215036831186636,-1.5258461720202663,1.3346970004493908
-0.9895381200318641,-1.1321649827129814,1.4784104506281692,0.9083831676358654
-2.132046280731309,0.5569097924388919,3.908403318669431,-5.308662647236263
0.2677114623438358,-0.8644245858687167,0.9580506068488073,-0.12095946445992922
-0.812941095310326,0.99005719630996,-0.9601801464092508,-0.6198870162950914
-0.41535726017968533,1.1885331369796348,-1.431657777385992,0.9175930180328455
-0.6120967990598081,1.2076033568992448,-1.5398454964928143,1.2402002964654255
-0.14079088641638526,-0.21529684918090788,1.2429692292527132,-1.138864828588007
1.0659802307876436,-0.26013258370340986,-0.9830421521902879,3.63742760751723
0.15704856744534462,0.8417371222183174,-0.7558397882962758,0.9409905606307328
-0.1586348370386883,0.3744196357179915,-0.2735784769535104,0.28749199923509927
-1.0356537528258116,2.2054420758778153,-0.4248824580884498,-1.7507991019601956
-1.674682944704357,2.282264797077357,-1.561036054490156,-0.33092692648129907
-0.4863079090733309,0.02208646410511339,-0.7064037765789528,-0.17448327718476267
-0.05378255081832049,0.7623558999819893,-0.4187969621475397,-0.37424266173416165
1.767929913579883,-2.0109027737171816,0.9964278501814541,0.4707490016624898
0.13027452147288585,-0.15498957901297608,0.36780331703101055,2.557603031455152
0.9827395110230576,0.2936661589619054,-1.8599448809814885,2.1194976286333698
-0.49929559853915206,-1.8517174102931042,2.7434669901865094,-3.9266374723048916
-1.1849437664170246,0.0042483495408598415,0.20027057145121163,-2.141849002807148
-0.9651167622323719,-0.028930311695523958,0.2765920455254858,-1.3068107097996629
-0.7252260645357532,0.5070106298740983,-0.8200822399800881,0.3229759296132181
2.1284697324351645,-2.8087718486882274,2.126277226523304,1.407719168837682
-0.8213866792243861,-0.5216616327037842,1.7600263538402638,-1.4589292430584841
0.838489203736345,-1.99134507679444,1.7264125818047935,-0.9310109897907054
-0.9029271780870264,0.22267093518086134,1.7691493219492962,-1.8911839777586912
0.9315730128742441,1.339536476626799,0.8618080089752089,-0.4545947562315561
0.38495096610586316,1.3398007884201109,-3.2230075863729457,2.0599083901635
-0.1566378976580904,-0.2237839404949408,-0.4116607163051891,-0.8018481605105267
-0.040762526135434025,-0.3146682589442781,-0.3003636302163263,-1.0229730921958184
-0.6547876954293904,-0.3634587626730257,0.0001234203665426703,0.34385662962909935
0.44607220148208054,-2.4434170550037635,0.7646343407140102,0.6440470841093693
-0.45498348034078,0.429099990000412,-0.3218562707831124,0.7014829311514504
-1.2256057637672482,0.47287493327667207,-0.6617065442246113,-0.845658693162449
-1.2779375743196193,1.4486745575215332,0.053585325223728775,-0.6664333605430449
0.17258791772211948,-1.8073113503100209,1.5402082025299377,-2.64958843691917
1.579091256410435,-2.6568839660027797,1.608951229037809,1.4738220397703676
0.15999161357343825,-0.043362840985295026,0.41876171766626746,0.0599774025694251
-0.11863832610988256,0.5085755891157965,0.24019948411036568,0.3284678025510388
0.2858261396025429,0.07448059121896311,-0.6691023806029834,1.1628037190334988
1.3060017417068248,-2.887691074205227,3.675263976052912,-2.123138021896417
0.21938250136385634,0.5914267284989341,-0.473358940258028,-0.9253677657101851
-0.41092723083373717,-0.30709901960136576,-1.257353850316576,-0.2839264248784711
1.1062887100598888,-0.69468853746456,-1.2621870300960245,2.665365783406007
0.4287564384616135,-0.5251464027721293,-1.6108763773021901,2.289336961594703
1.535755991995992,-3.2192946894731382,1.686095056080338,-0.8588772254425081
0.18323443722190613,-0.5360790292474753,0.2140783524918692,-0.9293963332684263
-1.2244690317205003,1.8347265801283679,-1.1401043946385887,-1.2720785445863776
-1.368159199245665,2.254756419569397,1.0761726941845888,-2.6156010653662594
1.6509279322312496,-2.122101416121918,1.1381318028016372,-0.3427223673594233
1.723665720783297,-0.5366199743389035,-0.1698762382752902,0.5928938935141972
-0.17951921328260065,1.2229338269256798,-1.8880985615491346,0.30236256206597956
-0.38318732113598775,0.20317066896343244,-0.8754486364893113,0.2775618285179369
1.4614442922422022,-1.0036113385536982,-0.2290997299984786,0.5873641927118671
-1.107045682043488,3.2622483036403724,-1.8773797879893186,-0.019387908627079925
-0.8947270189558264,3.0341570235300184,-3.8712712731268124,2.7842429864791747
0.6433267946890444,-1.9999920344493507,1.1050243724036461,-1.3676373239381134
-0.3946051228595896,-0.45300696372564314,0.7374624485142554,-1.1567351075160668
-0.005121866720071296,1.4910650267979364,-1.5530101965132146,2.106229817917944
-0.16344289852451258,-0.8621495726082221,0.0932985218203336,-0.6633645440150067
0.33757454879893356,-1.7276305918503994,0.7452727117050724,-0.7240285853731425
1.4074818613137168,-2.175172364275507,0.6548104452241869,2.2533585500946316
0.09058490690174555,0.3115248211924911,-0.26204024098459067,-0.023130512690414273
0.6439387932768579,-0.8751232585433257,0.8772514806180748,1.1987516613774591
-2.0501721010310225,1.8096429008316348,1.0923152750272178,-2.590844612525978
-0.04871840193011795,-0.6157503794083674,0.2988023394843752,-0.6055965326720292
-0.8432302702928711,0.29953925993873654,-0.051157313825923756,-0.4120526470464813
-1.218813060423628,0.5830660438494111,0.8879466824087386,-1.6418075303060702
-0.8781523669287508,3.3354157175905623,-1.6885073358776512,1.2368703524952038
-0.33412344070081207,0.6984592000265294,-0.7955149607221124,-0.35902085013043317
0.9159025423560131,-0.212323996422477,0.2487630398615911,0.8745647354701204
-1.326392717739564,1.1025937931685532,1.0483651014959263,-2.2544032401653062
0.030631492594417446,-0.2227144682993498,1.467624293052554,-0.28949422164314387
-0.4841694333335785,-0.13255066137006077,2.28495204861974,-3.1572320051449303
-0.32767309436196085,-2.258500621684849,1.4283728963464941,-0.34332438300284673
1.0027578253046041,-2.581318667213391,1.5348787495808798,0.4949472552988654
0.5381154370039261,-2.456357204385106,1.7915068309621145,-1.9790528746021079
1.3373981074427437,-3.8546615068828998,2.301203301707907,1.0685584324719835
-0.15450567924990047,-1.0099521591982223,0.38329856706818444,1.7958278366751117
-0.695942611670703,2.1600868133864743,-2.8728860459423355,2.2473173288712696
-0.22385881688049952,0.22419441255224498,0.06999152823638294,1.1317459988924519
0.2424967912712216,0.9995676127957083,-1.8619639440810274,1.6554926128576508
0.17657335845371103,0.19909454675642207,-0.2344502980961237,-1.3031590167721414
-1.0843880722333665,2.083824512395199,-1.8019751450678394,-1.7755647290767405
0.09048978162787422,-1.0094847332580241,-0.263513911214419,0.5390805415085134
0.22822833013890514,0.2500769580259846,-0.17335356595761262,-0.21958014840685552
2.5174740375339204,-2.2922546109663586,0.19997144664908217,1.714665150305604
1.8768446112816701,-2.828860825771697,1.6237810254901242,0.8651356705980754
-0.8532433505588201,1.5834323912867503,1.443369294706606,-1.3333409040480382
-0.2873833615491761,0.9110477924338443,-0.3127467927402721,-1.5499564895480504
-1.4634420018370031,1.206577781074321,0.5699153655668432,-2.457604578197879
-0.5907070139634865,-0.4139200155148113,-0.2324677037332059,1.022820360373724
0.3156050035903405,-1.562854336206681,-0.132822540822634,-0.6351470976961563
1.2058536208882336,-1.3605188031444184,1.8426134728927235,0.9063707391171071
-0.7290838377436085,1.2019104740816449,-1.4219321364118973,-0.2913704875786353
-0.6541464400677965,-0.007550102376558621,-0.5138318272755021,0.1859149548682279
-2.147289029738655,2.6033321770124846,-0.6642666567368655,-0.7997037657938475
-0.16266592054490767,0.7657361407923746,-0.6492222036545994,1.0168047969438425
-1.062414411859563,1.8930880088967763,-1.75635418496274,0.9699516786422749
-0.5294394273660737,2.187207432961777,-1.8499083664858402,-0.43904104697054913
-0.8768607781675882,2.329213765999149,-0.16542804921505927,0.2649124852074931
-0.09426255425255699,-0.8881763676534757,0.06877516545837614,-1.004524540133496
-1.7577283913566313,3.79286027916598,-3.4010640225302486,0.7067853508504176
-1.4670452453909906,1.229477789913474,1.0096998062904583,-2.062293447336184
2.129247112028298,-1.5102237219795303,0.14810057209697547,2.723623981632826
-1.287422581274031,1.6128937235799259,-1.0421849068513702,-0.3496787285452845
-1.0967855784546396,0.9039933156886,-1.5183325374829462,-0.9874413385867645
1.836913528321314,-4.01199309376051,1.3966396052888441,-0.3069102548444611
2.905067169240407,-3.6576451133048367,0.9131224297327563,3.4287368653132866
-1.1715666288253417,-0.15350328071519903,2.2410783455877716,-2.6716435561004004
-0.36824895678803055,1.409197983988409,-2.0102609950288004,2.1514856850111443
0.34155555094050954,1.1069259960106366,-1.353997718673454,1.2787765749181104
1.7286976444055924,-2.871348162583401,1.8763998906954853,-0.8170768753176483
-0.9868570784282374,1.4861992366331562,-2.929360990349171,1.9311395879774644
-0.24527784594210975,-0.4310581068774437,1.617960740882287,-1.7727487588150286
0.777337576061744,-1.5612898214108824,-0.3991597937860385,1.4764866467391666
0.43476607446661863,0.25277541450542895,-0.24331523917124642,0.0011039208536337553
-0.37615607123009925,0.41284902363270654,0.17604388532538762,1.10729931215281
-0.13382296451604114,1.900235599350261,-0.5185672763385571,-0.6607729917138522
-1.3748958083699818,1.167642491341057,0.5999627853825745,-2.269789093080957
-0.23817374397466523,1.2851448252440874,-3.3433818392699277,2.185824871814134
-0.2663874900089551,0.4170784009685281,-0.9470398160205026,-0.7222806948824569
0.23216988962625595,0.5171741421927261,-0.5129875103211782,0.9449976644013015
-0.555327218819016,0.21923500525287254,0.051970384207840614,0.964671267821084
0.471538522545139,-0.6154050646057495,0.6542444698658337,-0.42974091480014115
1.0127158178198286,-1.3307578606827288,1.1768759760282985,0.6853170354137281
0.15542932766846604,-1.0225723080479463,1.4044233515380578,-3.561559471679883
0.35175640839920347,0.23997384450270853,-0.7116565293262657,0.8461624192826692
0.053155347577867364,0.5864625884849234,-2.4166776188192056,1.4371029295828925
8.439309141418043e-05,0.5934534231958697,-0.9896568442042313,-0.12564497906686756
-0.7215580335428474,2.4028352941690616,-1.1689371897789225,1.1059926655766454
0.316494261673308,1.069551687228334,-2.3062391803946243,1.6362674324930475
-0.09728659841348947,-0.25820077175294803,0.9414847034300211,-0.9435320377494406
2.093168308930595,-2.1387496522825358,1.158733337177111,1.1141789290106054
1.5733549024752425,-2.5116265722285034,1.1286469693213017,-0.9761783575672208
0.3858465525565008,-0.4396605469532455,-2.9767626160996756,1.3761785990049624
-0.7630572096947675,0.3159192025148563,-0.95196987721936,0.7881094695095239
-1.112411471983418,2.954964075516153,0.1166506681782784,-3.4152587337865263
1.191142953088865,-1.0656733933636753,-0.5403461014721623,0.9221841698125597
0.2627492251471385,-0.5333281982809883,-1.7143472247938174,1.0893471487277608
0.4801434033916108,0.6174464877864441,0.29543082658918407,2.0649780324099085
-1.7445859869741926,-0.0771122254263803,1.4784253840067694,-2.1853385889799815
0.9274384815581808,-3.1270287727351067,3.177315599172777,-1.7611091167600441
0.45442033821436295,0.25053424936253843,-0.3120584197784097,2.022816962996237
-1.110430684414478,1.3929852694147415,0.09321694127048386,-2.027241432246384
-0.47152480744994896,0.8162760692006994,0.005580631393846236,0.48651607356336934
0.2637172043565196,-1.642856748546372,1.9650856221275195,-2.4443482566201076
0.05246679835624363,-0.08619386887785854,2.3130314918611763,-0.4881507343217981
-0.292171185803555,2.354114833365608,-0.9139600654270155,-0.08774990405598537
-0.10348826806596086,0.9483855414750159,-2.3510956907202805,0.5034256476903696
-0.25197737820688537,0.47207939899107454,0.22337195875244462,-0.6506791002305992
0.15256251210246857,-0.6221289246278999,1.579346790586353,-0.6603798103775166
1.471491972993157,-2.160363219461182,1.969834125656684,-0.2549911481929181
-2.5666584409312976,0.9507922399175395,0.771008753760153,-2.8090769066612107
-0.23685026450968424,0.5418607383327816,0.8667499922963717,-1.4502541692321804
0.17651242137244696,0.6336682028349175,0.21623107990182178,0.6631743015097743
0.2959939896870995,-1.9308121147951345,4.0734531485356715,-2.083601753282561
-0.37191458132128985,-0.21511939472126818,-0.2588626159423383,-0.2888252630017171
-1.7567217824785826,0.9506015067408771,0.04243549351565157,-2.403481118553347
0.32799548371410964,-1.358945775265695,0.654535762307884,0.05416079423526801
1.727350214164185,-2.0193386301751217,-0.0546975542125136,2.4886272665630624
-1.5338614049161376,-0.24376846908910932,0.5564599963495056,-0.014970390120796928
0.8638280136981883,-0.42232317808076203,-3.073647056359608,4.0411841763179135
-0.3285252231228939,1.1480853376811548,-1.2051560991378585,1.4582214737771588
-0.0613243458288473,-0.17751337304229575,0.5781795721010484,2.6163297139778177
-1.052898510703949,-1.2172302971398028,1.444604230483071,-1.6534528463446492
-0.33445617235587666,-0.5950712191753376,2.738510218671615,-1.8002154313498921
1.3000445946989585,-0.32715157953605356,-0.7322234414608562,2.6466205375131078
0.582655241987707,-3.477180571113821,3.9543673755964086,-3.136102374319261
1.732311605409944,-2.426297338685452,1.0592387332189201,0.7201740162789383
1.1774118889776937,-2.5928950452404913,2.218083339427545,-0.7636745264161523
0.4390866789295762,0.27766628686934514,-0.3219274473925094,1.3559585372168521
1.743934526167792,-2.7678353835448117,2.46468885615966,0.01887121725161109
0.43899315873829875,-0.12283776975034694,-0.18470118408292605,0.7504067289444797
0.8279881767970589,-0.4281253929873776,0.2190430203397784,1.8449115003873846
-0.29657095353470836,2.19211098397167,-1.3693101890966926,1.4954398221836445
0.06654581585920483,-0.282796922706416,-0.08700488037890827,-0.027617189330885944
-0.6974238233002769,1.2129529575829436,-0.1287362842597511,-1.3470459035267013
0.989583934594853,-2.6725562006412593,3.848019679098933,-0.46979671566172576
-1.1783036231148656,2.604377911031583,-1.6716941635319742,0.6479431099558953
0.7823503424176613,-1.6993292589725582,1.3229809519944216,-1.6717581080320496
-0.19065105750515945,-0.33197289508155425,1.7090754024469692,-1.7192228838768346
1.1712470934673194,-1.427744307009994,1.4882254824794194,0.41212942709522016
0.7508689887312598,-2.4639271318173614,1.6285556453699828,0.46479665296642936
1.8206461576468016,-1.9560053602472236,-2.0795008048523016,4.368462831747864
0.7307746911386448,0.090536643558637,-0.14939991346522286,1.192338100853639
-1.5720402556532407,2.17938213028118,-2.923285971353522,0.9023034300877565
-0.06695317289820084,-1.508553756700884,2.8811981502905875,-2.0263503930132782
-1.172007192594816,1.2825993367841195,-0.04725977783659435,-1.9299777555492423
-0.5182798423662747,1.36396471381902,0.18672965132789054,-0.9620829735736796
1.5112284332767216,-3.6914628858979737,1.211222712505748,0.8334865644904786
0.637533810897696,-1.8398065868949491,-0.40670859381275704,0.9513039576378057
-0.6989304285787463,1.7152601183760154,-0.7238353795342498,-2.147711610206117
-1.013717366440399,1.4865562739257652,-0.5605301933370115,-1.120201302677962
0.03278209287626079,0.3726330706752409,-0.8531362640658912,0.6894613400991625
-1.2165601493811278,3.319366986880665,-1.9295208879549324,-0.26892153465648916
-0.6711402773965811,1.2739211113820998,2.157819113705635,-2.4955514802417698
0.31200947155124387,0.2834766445716867,0.32978899001354456,0.6003494965014744
1.1553120361066962,1.3243710838902907,-1.0666849985232996,0.9385655516350417
0.6087614722244398,-0.9443183247598184,1.2068142060576403,-1.8031745387446756
-2.2912895085981,1.951664646699225,1.5559955687013705,-3.957785148385544
0.3043667290302598,0.06255632341082096,-0.4898657471946916,1.4418238304713595
0.07203357323257792,0.35255074150980137,-2.429683833620177,3.467568653576598
0.41389028537269307,-1.0233837343934398,0.4013469996499316,0.9564646532497504
1.6162096816512073,-2.9718486375362962,2.1934317384582025,-1.225835326973261
-2.063238276804743,4.785730354255769,-3.626367092501471,0.03652762088904116
-0.5911034251911056,1.0361675806173496,-0.6360340328920604,0.051644436395755444
0.5909063227933546,-1.4413729687541013,0.13274087064169438,0.7346694625470963
-1.5815943994539423,2.8138435816243295,0.2348455479443876,-1.364841170017534
1.475949048053509,-1.880284009225545,1.2609533852667472,-0.17617236328862373
0.3683566127006584,-0.6949093815586214,0.9822737738861915,-0.21745628019886715
0.846583985843404,-0.4536279110975915,0.3525992444340804,1.1047457431000172
-0.5709436615217945,-0.6067498744055365,0.9655805636302915,-0.4782734689115187
0.8137636899662105,-0.6238892240422802,0.10804563219258728,0.01378994981522852
1.0684715559890383,0.6307889405449063,-2.607671871813964,2.6555321546148187
0.23287802013716835,0.18672403803270876,-2.5407960290897402,-0.6690946375596369
0.23440089269869593,-0.6574931750218995,0.5543042737057768,-0.7516339772032524
0.2703432392817259,-0.8315171675663131,0.8560811156564455,-0.8262941107206564
-0.8633452647393817,0.6256743443421486,1.3368338703089493,-2.9050480085970274
-0.14752868024035293,-0.07692826175935755,1.7585941958580718,-1.2276853351323866
-0.1525225324523588,-0.1947794938154414,1.867318055394731,-1.5308428565191745
0.3833938643534951,0.45623880385037263,-1.715353608242009,-0.6367331010193604
0.9998242469102946,-2.9329981995013368,1.487573947073198,0.2740128779518422
-1.0585360819784093,2.132243348786225,-0.5918558524434955,-1.6784147242548308
-0.12500903031957764,-0.22967568875906796,2.8386200218810007,-1.6388549894777205
1.4814555476589732,-1.4007988714953956,1.5556537499325935,-0.7412077702566102
-0.7435882288125641,-0.23468203562578682,1.9254815771116398,-2.1357776171410285
-0.8222500172903203,2.3153310875978206,-1.8137859205550733,0.08201179648269291
0.20230619183119358,1.0028675299744407,-1.9476253615970762,1.8889764490825967
0.8443851904853201,-0.053671702832310375,0.16170426354406264,0.9403280027043552
0.01142605556065933,-1.5284660424663306,0.26581732953681003,-0.42866764458049617
1.3289605904369892,-0.7656316374583343,-0.612536349617393,0.3543597801686187
0.8567939825665268,-0.6232976914441233,-0.2392452127554332,-0.3672629337090487
0.8418200668900618,-2.6154553274006416,3.273365830271336,-1.949240946703086
0.5541165013240933,-0.6892371853597274,-0.17767703719519745,0.7256221935635538
2.327653100346085,-2.4286492313820394,-2.115587810605648,3.433081930605531
-0.2051616888660442,0.8022693004624039,-0.053468371660859826,0.4369619329894188
-2.003522292066514,2.5814881174286723,-1.4195433251365204,-1.4894151128892847
1.604254361517141,-1.6338738169731892,0.22971397049990427,0.6388672935394121
-0.45769943095682564,2.022850709401286,-1.5411107945378206,0.29721188913605673
0.10788044434303304,1.0965773766990403,-1.346927990321331,1.2873779183188203
1.309550684860527,-4.438515775615375,3.7373642319501204,-0.8507644901939198
-1.6022595410589253,1.6052728944330283,-1.6958028504952924,1.302955632175016
-1.2516472141061394,1.3373256293834161,-0.7192895201145232,-1.5422186114400067
-1.6012779371188537,0.16943495181565327,1.8125688061783762,-3.1036825567460027
-0.7941362900254239,1.0471466062628207,-0.9212076889605677,0.1974194100638575
0.43963660601699356,0.7211938451901143,-2.6095904547546693,2.286890625746146
0.524187842812771,-1.7155932709659156,1.7932390128758429,-1.179278827907695
0.27627417932855375,0.004871923495607833,0.8976905558326489,-1.8737389681656886
-1.4127658838923665,0.779495583374402,0.38367147443392513,-2.3334470634383666
-2.310103436632644,2.1002121002794962,-2.0029537394149637,-2.2127485754232348
0.054353585390382264,1.4121693317015764,-0.6084655201449085,-1.240891873092922
-0.47177603363833576,0.023573420254177968,-1.3036831327377796,-0.4020542857563102
0.45938577171661177,-0.08905043704930943,0.02143605281925476,-0.5567726088516599
0.7019536262212701,-2.7135624675265113,0.9931794950546844,0.6607098875980664
0.13824143205868192,1.696427842924462,-2.7972174900459263,2.7112096557109924
0.7601330853758538,-0.30950725614452557,-0.7714599548503003,0.47228907272777454
0.22921137411506842,-0.4575534915883438,0.04513148671019482,-0.0396881597336822
0.5300647056014667,-0.060531136721865275,-1.013781991817943,-0.5655240916783619
-0.7046732628698824,-0.5642115135039515,1.660232250664613,-2.4316431148047934
-0.17961141383145854,1.3980644383504073,-1.5606382419090337,1.2938561148240648
0.19677609665695725,-0.5601160914847789,1.326874476682557,0.11257946225896587
0.8205284754174188,-1.1887036855493371,0.6945837023039478,-0.29667435034491657
-0.3937411722245721,-0.01916620829599791,-0.36531468135025225,0.8744598480256669
0.5211672557321126,-1.2060521096241197,-0.19742678975626815,-0.80420918737876
-0.265838791915379,1.0136771619268634,-2.3471347112493124,0.10294382762380927
-0.11754216732813036,0.3969574508979793,0.027505205921145304,0.5611118374321311
0.829519042024073,-0.3436747090258476,-0.7088955427473537,3.079819054712875
-1.993060371054156,2.3828777557794156,-2.9223372114216635,0.34670162801928794
-1.296472328074761,2.068966604766894,-1.3606069545997959,-0.5140370791963926
-1.4821853974428207,1.3597737330063464,-0.9390820710064071,-3.1682302340048265
-2.3336161198483047,5.030071185227515,-1.0844935786554593,-3.830279282817793
-0.6782644401551767,-0.7540130882442865,-0.4815552803493106,-0.27959265103030806
0.7494338997277404,0.36161664388969583,-2.3663528990169724,2.122761649441221
-0.28488406638257474,1.7097683303800604,-0.2009146011302949,-1.2785674343817437
0.19779008194185213,-1.0895069042958163,2.179087305776716,-1.242259443077613
1.0892174967107926,0.9222126145030223,-2.4463482891469956,3.0257144162925784
1.3276861322676916,-0.5977330757759117,-1.1562749604247435,3.2142630863320543
-0.06913793472613955,1.054104528494279,-0.27714833131062666,0.2545543867313859
1.3535858895693973,-1.5962808804574,-1.973315716189168,4.0986598481931384
0.09212665843410921,-0.3277781483396075,-1.6398946777471968,1.2572596282493713
-0.8373982238274621,0.7954690415533463,-0.32673695918675383,-0.8077571695868168
-0.5944003521987352,1.1038110189579995,1.0319809308259147,-0.31191485274956676
-1.4805365125650163,3.1778300901119154,-2.1113479592154505,-1.1290874724121371
-0.8881338537336524,1.2470748423418023,-0.3109234833855455,2.0551466525290256
-0.35801668807442916,-0.48182359744797537,1.8538438607267331,-1.3162515812238493
0.8035850193786016,-0.13987496086934215,1.5899041825576727,0.15183984636376413
1.7207698311659838,-1.1437730510043882,-0.9240685921771503,3.0647908027791853
-1.38218151537704,2.313277346900234,-0.9930411236420048,1.0518655949663016
0.39282746825991893,0.2741059446130799,1.2610978965831354,0.3418490991503228
-1.0405439391575344,0.9777245968312331,-1.5697162610135107,-1.650852929367754
0.47469708846320197,-1.4986256732864218,1.9965865057410397,0.5280266280582987
-0.1310866506877266,-0.7108894498155078,-0.2736457069771199,-0.29353990031753263
-1.8309058258475304,0.5616237425591786,1.0617356594779204,-2.650056297227504
0.9282969915684843,-0.8770077783362313,-0.1959496401524535,-0.12096253334321605
-0.605000712808731,0.6425520721438835,-1.0523078953837395,0.5973167608029091
-0.5339002383735546,0.2006925815185568,-0.7366050603261325,-0.7230410100501695
-1.06975241128969,-1.671915930797442,2.636940631003205,-2.9224164561274284
-0.6542832766875555,-0.4621775376691023,1.9349257334149186,-2.358258623107537
0.4278904406949172,0.6073721225692662,-1.0186834660567765,3.1087707127400046
-0.18924434093640552,-0.4375327909394444,0.6152881433278408,1.3433898247860552
0.32866200228248105,-0.03380272508213583,0.33866691703898455,0.17097453079818142
0.3619218539288437,-1.8249916546898686,0.38133623306484676,0.19515638754519007
1.320661655528167,-0.1460885042745692,-0.1853571621624982,1.2090348682452174
-0.3427861508643793,0.2673157209825787,0.8529878688669296,0.13185001734511825
-1.4768578168457318,2.0622697766984133,1.9290697531984236,-3.303812296102579
1.067222416571983,1.0451128919953054,-2.1704837266129435,2.2719459922125425
-0.3314881720972547,1.9142259071061094,-1.9156945803858225,1.95494208062806
1.114592444577377,-1.64407655477991,1.356960815213763,-0.26211997693116884
0.3833771131824704,-1.0532727206893238,1.4603479269865534,-0.6382837588384003
-0.13113753020334493,-0.1681799752755179,-0.27881515146606994,-1.5303914587084233
0.3487758940462951,0.09136717562098151,-0.7644138502259683,1.6229335237322693
1.9510125601262995,-2.4464392064024305,1.1821160758791882,3.259499502205366
2.076980529053753,-2.8876207798679756,0.10969003790351395,2.9291209282264608
0.0693811351327787,1.3839238885497078,-1.711570395815975,2.7362176932645443
0.1601905933170753,-0.3064386037583272,0.23723503609726887,-0.8359570087966363
1.0762401574663856,1.0081009040776567,-0.7723442548207414,1.960829433615744
-0.8456610327673472,1.1055358030729896,-0.9230520127313537,-1.227250651501524
0.3330703726182551,1.3856339470828214,-3.3559113124998152,2.487749783048608
-0.0258628479538564,0.38835484025525446,-2.2454265453848548,2.315560926372661
0.3139082114575536,0.5862707195003836,-2.0381832834225215,1.8738479441023725
-0.8333688059494058,0.27543151562156254,-0.8943610374998189,-1.7032939828956948
-1.589567493308969,1.053721769383351,0.16869364358225036,-3.1816388986851947
-2.0729834359912918,2.9472860782045376,-2.1830508751886555,-2.133310098449136
-1.1173841129896078,2.3294141780528443,-1.9053204296770776,0.596054366424976
-0.458675284939333,0.5906668439276624,-0.9387458165654796,2.2164737938192376
-0.2931915866487618,-0.9345634311051829,0.6351524964656806,0.5953407511605984
1.9372311624295169,-3.6849357612047475,3.0891615866637814,-1.9274440311382424
1.1059933699072981,-2.754328446074999,2.256048494972177,1.0584346984872883
-0.9620911163416273,-0.6131127733294284,1.3376038043457912,-1.0582224740031967
0.34770845245095694,-0.3077647834940608,-0.46220473739694895,-0.8392773316548408
-0.4070782363503251,1.6135378053284153,-1.5597540923383348,0.34084018794097914
-0.28436383804009513,0.3278208187233054,0.26019880353305075,0.6005830271785694
0.18532564941538202,-2.482805536636311,2.670433536792664,-1.1150117504631591
0.6191711169753933,-0.9337658007050207,-0.5625651790463965,-0.23421119838257543
-0.33925848388401536,0.24431118402821134,0.08800747709605355,0.17595258955653975
1.0638515327343585,0.8193769109442093,-3.620140014700302,1.5668341002174175
-1.141938226142404,-0.0868120415486715,1.2033952024783245,-2.321330866248683
0.006339062362268442,-0.3982844774339178,1.1155340217593972,0.3640559227669661
2.5976737265958323,-1.4113557913704347,-1.08798739592415,3.63742649197364
0.2230797426252751,0.18228265019621798,1.474008816863289,-1.2853560048784456
1.4332145066061728,-1.1565443344109827,-0.9869201517511041,3.156726317264912
0.09152017817320818,0.004760223216028411,0.13994007187026916,0.9774659607679221
0.5807770953297967,-0.36698897573849143,-0.17015634476515057,2.068003939065332
-0.056783194392691534,0.8457493635497658,-0.8160455391240443,1.3831127920012576
-0.17040758116420443,-0.604997221495721,0.5665013962727649,0.4973754772655863
-0.7794823967254196,1.8134374549787033,-0.9014027620910255,0.5064598545032908
0.4303013589575532,-1.8893646476346029,2.2041458391688,-0.8040419434483792
-0.8515371891857679,1.3502125998544596,0.843774647754345,-1.437824161768572
0.6655852363134291,-0.6199613202897878,0.02324675470590826,0.47861131255323436
1.08528700444591,-1.9186374935272,1.6738602127893851,-1.190254737121794
0.36653140723722993,-0.46252296401032267,-0.5787214044472759,-0.14702197774576264
-0.28624873355569186,-0.27904167239872285,1.246091944729637,-1.4691524501572166
0.4539655793086961,-1.6164600220321796,0.32965003255501446,0.510059274053485
-0.3086730555464126,0.016792925042050766,1.3224847479874167,0.1755329133120176
0.9355471254651493,-2.226645185929841,3.466183844357977,-1.439024080914432
-1.8314060842151236,2.5204847651513966,-0.9253953092355499,-0.36329368529408734
-0.3356073681186462,-0.747356652409988,-1.2514366091435023,1.5861531779020615
-1.9908119951239978,3.1009514171398487,-1.7462796125714886,-1.1989442635251468
-1.495060830227205,0.612593928343826,1.8765892629616239,-2.3634891859528784
1.3638622298139094,-2.2029295913576976,1.4446236353960453,0.24548386629320731
0.895184981971686,-1.6988253865812022,1.0617084610207628,1.5636434515327977
-0.7194802332847904,2.1885230088165875,-0.38541816535225726,0.1142077973992428
-1.502503456040897,2.1332940928656683,-0.23350847949796194,-2.6797816206847687
-2.964528837841651,3.3457008028655872,0.5782175351454286,-3.50420934407377
-0.5434955079326346,1.1509140505888849,0.3183974374630968,0.8273888968738138
2.4204150122474024,-5.01169036202657,4.095889768762951,-0.3858973592086239
0.4348842714636474,-0.5649947153972843,0.5193839105928922,0.5625189912900557
-0.5595722860494895,2.66900092106415,-1.0491835986241886,0.6647778421216387
0.46508020950030626,-0.4257497449976949,-0.296016470188105,-0.31782313958259
-1.5609583529944429,1.941063192762667,-1.0996510026498518,-0.436590537225477
-0.29732336269763543,0.9049164148793586,1.130201557185659,-2.512031941031986
0.09947747301573849,0.7762322756954594,-0.5619863502158163,-0.12280844093301235
-0.08610065182104851,-1.8941459107046015,2.5784924069533592,-0.8239324343763128
0.7908061216900806,-2.6312938278191234,1.8592595620965369,-0.07483866930012906
0.34464522623605237,-0.20328298039711626,-0.6792771495514016,0.5501259457991118
0.668326018107997,-1.516867783627106,0.8415030833603994,0.5925674828117047
-0.6883722822307594,2.1380720008968255,0.06242704274517874,-0.861000688130592
0.8978154084105481,-1.3925528799778817,1.090285339531079,0.23697571393168107
1.6289369476239914,-3.8892550728619075,0.48570684774606465,2.1086543756842833
-0.9701495196514126,-0.10383449326230187,0.654326203081047,-2.252560554432419
-0.8876956557145598,-1.6844412327731038,4.008447426772153,-3.7420420144718323
1.3357843363202329,-1.837066740867192,0.37093573587433026,0.8974395602335722
-0.19134398669506028,0.041228656769688954,-1.6845092934708523,-0.6169252545352254
1.403821392066557,-2.109048380261766,2.6681353140048873,-1.2439469447795082
-0.4425357118921839,1.6099218933003594,-0.4125086246437838,1.3701732012330785
1.4550455762707113,-0.54753485500816,-0.7412679503220254,2.5041610137084342
0.13148581680545218,-0.32817140352265384,-0.18125212635604188,-1.0520774144661624
0.2582288233226952,-2.44456825546409,3.07588030105126,-3.4094188809293278
1.5647180216699044,-1.2603800455116267,-0.659415776601652,2.0706169673474673
-0.36177047744417123,0.9894848014415809,0.5471364851739025,0.7802434683661621
-0.9411220959249583,1.438738085266895,0.0002286857240172413,-1.2221525203286188
-0.44856420802835434,1.519756798942141,-0.7642478271378935,1.3485524035693517
0.4523339506431387,-1.7076288372328063,1.32051359833061,-0.07486140230531696
-1.5657590721805144,3.8876662728017557,-2.421260424491347,0.4437977755912708
0.6374709026511215,-1.7243928363232137,2.087616950779261,-2.0958343819338183
-0.5387713176177432,1.3957485083421464,-1.6904994355155714,1.52822407723114
1.1478126607335635,-3.0647228872936276,0.2180753431472049,0.7750091493302692
-2.3942603049004716,1.9428476786105149,0.7812854560633887,-2.3174937010239827
-0.7865657751041687,2.4602475768503385,-0.953731871014822,-1.0117800248903233
-1.686468151234102,1.7628619584800722,0.2428399108669832,-1.8480535564544882
-0.8262294663639526,1.831397964769541,-0.5795462255833861,-0.15116710115434617
0.24766590110894313,-0.060243692611485655,-0.46445377587436526,0.4435168177560267
-0.1792266254497549,0.1101137945395332,0.8317615896597493,-0.37483720767039824
-0.25337756894801494,1.6679034076703076,-1.3439691384994057,0.39566599591425866
-0.1591848713800608,-0.04563697899582739,-0.3186923826148848,-0.6010784437289269
0.20338824061994343,-2.0248039963074027,1.3477216919253077,0.8858052631281871
-1.0085360419431078,0.4070031583800242,2.4611656897882965,-1.7832527626277839
0.7068496408990508,-0.2970278403771667,-2.0331307384252235,1.4398613768384356
0.6626659703854839,-0.3996900581000725,0.32937638027747695,1.0668134068244113
0.385037937656101,-2.0291037754227594,-0.16094737986811447,-0.20647395737176177
0.5565334427512632,-1.3921826507097168,0.6995042931147614,-1.0621508618162676
0.2964180008086595,-0.937422950172638,0.17291876935425887,1.2388261037405206
2.0350733027310675,-2.807557557391506,-1.1862851372123764,1.3648806034054322
-0.0870941710525099,-1.2714005833385396,1.6029734522804566,-0.29102909117753917
-0.30708321833457675,-0.2598712461179865,0.09951263398165339,-0.6601726965282503
-0.7535275803573779,0.17562261116932598,-1.654444628327735,0.1176842983557701
-1.0322626705778368,2.010248464455324,-0.14384539077326974,-0.6250459444710419
-1.2444717876010754,2.302487456111534,0.35834489756941434,-1.0385615826655206
-0.8887973132309185,0.9207463177882862,1.3724905068718491,-2.764763576193213
-0.07068038165207131,-0.30722333788824596,0.6920017500725495,0.15557596388200035
0.3342951284977145,-0.26122984215814393,0.01372889372127345,0.4714849537678179
0.051142058552161786,-0.8779455777181691,2.0773939940004196,-2.653974324260954
-0.765535277429713,-0.22818974925178548,2.500182581610476,-2.7620910958797564
0.9001845640199633,-2.020442685749673,2.2318194688343604,0.8092084077968335
0.7394126723009475,-1.5221083707325938,-0.1631702064112247,2.6041678822645964
-0.159648307422017,-0.9718958308858506,1.203769746949801,-0.3009035034204022
-0.652916144664712,0.9455589326605292,0.11084602062872195,-1.9861434617396587
0.5484279208297995,0.071602168787949,-2.3128012574902233,2.712838495611824
0.18797358748610446,-1.812666605781567,1.9503817348353008,-0.30763536429080274
-1.4481272594150476,1.7628814225140905,1.8449003532487458,-2.158662249311952
-0.0679802559844049,-0.13835948808504972,0.8188439098648601,0.13698527019967077
0.26203581207438104,0.027065711047545682,1.2394252918394604,-0.2160952317582721
-0.8996947864877538,1.0666949756817166,-0.05735491879463672,-1.0219281608108273
0.189843392837443,-1.6814113513365625,1.2881771779491304,-1.3012637883472222
-1.4548224852577891,0.48339768345218137,1.1100714631802437,-4.275290276511235
1.3361861000121709,-1.5739997444296323,-0.4681757580075002,2.137169507331989
1.2479499850594318,-0.46875906232580866,-1.5402520191887064,2.6369742406496584
-0.25251733430296475,-1.911166569879445,3.188368337503238,-1.9520510611607116
0.36345433783907316,-0.09041862560530783,1.1629556356400368,-1.7518128666179393
-2.409921965799875,4.081528364247493,-2.736544270770194,-0.09031648352566657
-1.1563476602653329,1.2345913161121862,0.7819447482651631,0.23520134454329655
-0.2937789201521298,0.9027372002089966,-0.664400319672414,0.22037354238125828
-1.0721330214268592,0.5834905448144287,0.6723735012989321,-1.7116730936853384
0.7143964826306588,-0.9766419784336674,0.7676792339208369,0.5574630232348399
1.997296530747994,-4.0176693552057445,3.0124156632110934,2.120672244285366
-1.176614719429302,-0.9324056451037115,1.8631750579999709,-3.622146493672103
-0.8374634040851927,1.9477218861275065,0.32718302105533437,-0.9470309258385411
0.23544836830993032,-1.2675329696963582,1.2618338178387027,-1.4239478896438125
1.6111161484996208,-2.3888672232029755,1.485271854552514,0.1855327443178284
-1.2223743125399031,0.0804069217776906,0.07227062889475455,-1.4447914919021612
0.24903612230694197,-1.708813049852206,3.4973618577262657,-0.8268903242571906
1.8212988508131087,-2.3593963210703466,1.1362425315177913,3.0090495645207023
-1.6517591481792673,1.2525337836794743,0.9071243385769863,-2.003779955374378
-1.281069206845832,1.915254046209697,-2.307059087323603,-0.1708294894273784
-0.42360660646083825,0.9608663467325977,-1.3485964499697682,2.970789114510434
-0.520588412855411,0.9455557417511005,0.803354250627069,-1.5625497109094206
0.8126012877536446,-0.7365207543759298,0.29967876702802576,0.11295036524965374
0.24165971982083806,1.2877765411468804,-3.266106397717789,0.7771571256266472
-1.7749620596421283,1.0623607025256678,1.5021349444244207,-1.607861157458692
0.5154104029008109,-0.6734273496838907,-0.35002651195787043,1.7802155939326954
-0.5775388873556505,1.8257364853463693,0.23018525894950015,1.62138307876058
1.274447216941239,-0.26479685099145045,-0.8690762862643855,0.6207219868023071
-0.6275875364369197,-0.6686586056202694,1.3085694602283082,-0.14817410476131765
-0.6366152831022357,0.45158289806681284,1.2818221968133054,-1.5274168308156457
0.5411316108045314,0.7087631629018228,-1.9682851061099278,2.7791445629620704
0.7629264823369366,-0.4074326736052586,-1.2364985874587562,0.056991000687288684
0.4480993639362036,-0.3424562052436715,-0.24676732682776586,2.1337282517745573
-1.6855973173848082,1.805032087427113,0.5511217748446668,-1.4534255401827259
0.5380344399282511,-1.0294422536216468,-0.8348067762966094,1.1372925925424853
-1.034308051674399,1.529388725099603,-2.21703801113922,1.0593004386167362
0.2352761115882635,-0.5347054588903996,1.116734950774541,-1.288406043837338
-1.4237344353990602,1.665902701434428,-0.9633031955387409,-1.4712357276435473
0.44632214754306365,-0.45698787093663895,-0.337994647111759,0.26410600165020504
-0.8065989043073726,0.2898471566753479,-1.4723937195020809,-1.7093110527769313
-1.2826346502605217,2.0712909541940645,-1.5170334529182226,0.5127837959595487
0.7138201364823995,2.05766048463654,-2.4305178419899565,3.6781582537061754
0.2416445216767513,-2.0669600653381766,2.59732629908585,-2.25366358527951
-0.6139768013928971,1.0607846858614565,-1.2347549423956319,0.5371569940895742
1.4511788490210642,-2.5016047074441827,2.7478772777154097,-0.5927578351068521
-0.44065242156974244,1.1061854834029408,-1.3276010219866534,0.7728770137449711
0.03210767397093466,0.008028264562739328,-0.7160033788683878,-0.09105643463512969
0.2689134476786009,0.4391586368281424,0.9269840206095934,-1.23650917806789
-0.6196659341286136,1.9191056974631158,-1.020002228049996,1.0844439181172647
0.47113629339992935,-0.37294243431173385,-0.5932855728509596,0.8696792386111014
-0.5334523471647244,1.7721951050118476,-1.3233468479594768,2.3616541625439122
-0.4116383222162092,-1.8503319071292263,3.3476829517313305,-2.749870255855621
1.362642639803341,-0.04471886984798612,0.41633569064619635,0.28139387998084553
-1.040586052512433,1.6237654149072598,-1.4457132106768433,1.0942954661460527
-2.41278033092949,3.97317975286057,-1.6880713229100288,-0.8416082738393994
1.6109369950118944,-3.153000138855795,1.6391073566282728,1.3515284085697168
2.549327952607003,-3.8899634247337396,0.47526460965816597,3.662176199974906
-0.40526926544933184,0.6322614126839723,-0.3005049117061039,-0.8882390476457869
-1.9368380406201853,2.3071677594067594,-0.5216576905182347,-1.8926147703047274
-0.31048397619594376,0.655649359445122,0.7985122363928808,-1.071940770778348
-0.2862229498406692,1.427982700738769,0.15121895751884407,-1.7114450520035454
-0.18992384102225704,-1.5373117060761408,1.2063102099273242,-1.316923522231853
-1.1133880419218483,2.309884722023527,-1.4021389601445073,1.093149883863946
0.5795611424764774,-0.6871914610138459,0.819115702986915,0.3014743684271317
0.5245073752860862,-0.8331907114678512,-0.2549227088348143,-0.590657318845923
-1.4944056198193065,0.32217150939827754,1.494210289134398,-4.245632795860251
0.6991967316948878,-0.33598740965700036,-0.3448752040338247,2.6753051064363254
2.052684981945891,-4.877329829366106,1.7780502831341616,0.9229992716914374
0.17196033243705985,0.44204161231424083,-1.4922424299121113,0.5863158609176262
-0.33732516206850605,-1.0873156409907847,2.695502902577613,-2.5319014749766886
-0.1420032144075213,0.2238617699064996,-0.2442945005331312,-1.4625051397924138
0.6152567669685612,-0.8574769576901938,1.9198779422446364,0.7559630336057918
-1.7306716055072182,3.246344073902545,-2.0508086428214263,-0.8612256536689715
0.16439070297730224,-0.37592401258665287,0.4980242500776392,1.199614325959107
-0.3904639494628101,-0.2255818217902935,2.9080715221997537,-2.413508695501603
1.8478250129560454,-2.7239927115184575,-0.08405331466150368,3.520976809083143
-0.17417273380495787,1.481890049320613,-3.092177357244362,2.2296286419286853
1.6678876111195198,-1.4651681641625298,1.2709313901378942,1.798257062004022
-1.1037406977820072,0.9388588558152474,-0.7887895174011904,0.057130940708962075
0.5872591668027922,-0.9411574201278641,0.3565279805666101,1.0197065633384153
0.3194002637912288,-1.9504574071349214,0.9139732449368615,0.05949349589725933
-0.8690472478647824,1.4313308982892798,-0.32479722921320975,-0.9614446283175988
0.17739611463694044,-1.9726910452597943,0.6829688418385205,1.6324922283865304
1.2125188368316004,-0.7032261383624643,-0.5170516328223685,0.788769878394518
-0.3237917042866007,0.5171716376351867,0.24339421611414674,-0.5222391836520038
-1.6919626491697632,4.417306978577638,-3.630315047658326,0.6949474944816837
-0.01756282647744591,-1.0790601619513707,0.28512037729230144,0.18353738011371998
-0.9024230947925126,0.9802456227103821,-0.5076654182038656,-1.0667722574235592
-0.3423409386638824,2.2090968273197213,-3.1431298278829214,2.1383621525773617
-0.08158776968512098,1.2892949639135596,-1.5176562345728533,0.8037702323443979
-1.7056522160155172,1.3505706076387207,0.2678047658404672,-3.6456332911432954
-1.615658339320678,2.1627574355582615,-1.0535039621343216,-1.0302191135018746
0.48206683552552526,-0.5764808462155431,-0.13819719975815598,-0.4735537741213647
-0.5227186961696804,0.9092183027977736,-0.42002318648883735,-2.0153600976933634
-2.564744341820567,2.3790127741998504,-0.7450594857557253,-2.1628038152842315
0.7848440366081351,-1.0311332466304965,0.991207258547816,0.6573667013050439
0.27236975527423984,-1.9248960816058016,2.9504887940276054,-1.2390373829130836
-0.713874824036484,0.9917732407118628,-0.7858764496069378,0.33202191530441827
-1.3168302110582415,2.030216926691722,-0.2885328336982493,-3.1791292695159017
0.8358078963143372,-1.2303888882210885,0.19908652691286297,-0.5809888108007026
0.3493506225604296,-2.0342716376573033,1.9168513208817342,1.0160111970129297
2.3826022826840734,-1.8705908763694254,1.3432294937884786,0.63339310522351
0.42018859872493736,-0.13970128047712255,0.2982398164675592,0.8642806182068288
0.3877031412620148,-1.1912588672153945,-1.0114440713254376,0.4475466836501767
-0.16692793010856513,-0.08028693070778581,0.6597962131708183,-0.56580533307143
0.816775867200791,-2.4808004434227877,2.8121634486288856,-1.7033151623929437
0.6250852012481537,-1.7755123692756887,0.8762968013514939,0.6357271150465683
1.251725008565195,-2.039881356635373,1.830148020237512,0.23256801257215529
-0.5213229186372847,1.854008314644893,-1.9416646894225218,0.33742029845051835
-0.4354074729439623,-0.1170144233547209,-1.031900200147855,-0.8067901998155704
-0.4791031709119801,1.215137464423135,-0.5691721624185972,0.139181223182351
0.7908017211789892,-1.4872782682763668,-1.0505676562407753,0.39256045362284064
1.498374440296732,-1.5501017675042035,-0.04337897437719446,2.10605820851128
-0.45884049314930064,0.40921308963535863,1.2856228764931208,1.2218243530274848
-0.42477372779309125,1.382785073444453,-2.8144504896118154,2.853034293417882
0.3140772238697992,-0.9117040068623169,-0.710224968833652,1.5609903113344985
-0.24576150001290142,-1.2776144499869593,0.31442995983700706,-0.5760459196412442
0.95205365313989,-2.5244134151315007,1.447009291395479,-1.9044001125264816
-2.2517772906190467,2.1702552548000984,-0.5175246824710603,-3.436974137851394
-0.8267050469168946,-0.2570139143777792,2.2918129421696043,-1.2308517550245937
-0.7824163339614458,1.3491116164332861,0.36608094147089654,-1.9066707065119979
-2.320356012386145,2.318659050005296,0.2647646109727474,-3.4369789394697294
-0.9636384443688041,3.5309726832689963,-2.261334345103169,0.3572812770825121
-0.9151561158459262,-0.6395272561220207,1.700929200171387,-3.259368426397044
-0.20110465451883033,0.4449587641323976,-1.1015615194174686,-0.6768907909301217
1.1129658916602636,-2.463512093497985,2.183998524376588,-0.355010559018743
-0.24506065119070236,-0.19932855895383578,-0.736600030348187,-0.6454761497380781
-1.0308137202711538,1.3783959376659287,0.41947162621981804,-2.1685438104310366
-0.056954541213528984,-2.257025925418052,3.263029467965901,-3.127961649058019
1.0491736214413494,-1.0221822289415918,0.29148971098244036,1.4724083997322448
-0.9759588161149049,3.0740580416120533,-2.1620982435208997,0.20778838224287696
-0.9105748839214486,0.6392515623371454,0.5534434093434013,-1.5676147267478282
0.5585489592742234,-0.4104508943235586,-2.938951732628849,3.2686159653507234
-0.22153611573080054,1.2907650320023598,-0.6822014177320221,0.09181165687559473
0.6474846907094743,-0.9409351288783658,0.21549986558314282,0.283129485415049
-0.013646791795296761,-0.5645840383771271,0.4684149549186608,0.1275484161522819
0.701663648089567,-3.1177327814292326,2.9511610977124834,-0.6257849119425833
-1.0350781140406409,1.8830844562437423,-0.9414824409515832,-0.626621716287201
-0.01208465078826744,-0.0986668287829763,-1.0417389901158653,0.7965319528345332
-0.21069001436315682,-0.7598558341523736,0.7110195914022837,-1.511262959514399
-1.2158909241041307,1.5856658192026503,-0.38683101391825614,-1.9273813499362902
-1.5634779478686884,1.2924931806362445,0.2024724073033436,-1.0924089258010903
0.6857490352746618,-1.3513249734451196,0.8295126151659463,0.6186071707305874
-0.3509523822179781,1.0274340147702818,0.3954403373996822,-0.2075574182029774
-1.0222802816473295,-0.11164607334704901,-0.16772886170393975,-0.7262437578937826
-0.09617893692333225,1.162730010381757,-0.7938134036400657,0.4960758277473341
1.1280188573493026,-2.751308791937567,2.863692525482609,-0.06735213393082384
-2.280737845371923,2.074184006091044,-1.7767868261215964,-0.329952090601214
-1.4966386899033264,3.718912621950569,-1.9700637270527972,0.6439700552339465
-0.9228864418952676,2.2348184919167435,-1.8584059911818986,0.18493119179654782
1.461178866720329,-1.6558106475689545,-0.049423895037309096,3.0288862098273164
0.2825869829192965,-1.2796345950043724,0.020794045954075857,0.5247505307756942
0.7673172404612268,-1.4500529952533654,0.5216431876586032,1.111274925712126
-1.1401609191262305,1.441468417537173,1.4560627739444332,-1.991333061965077
-1.1195358752705262,1.38096628266423,-1.6116713153585995,0.14368716543761476
0.4478137167227104,-0.6282473896932154,-0.9624383251331019,0.430549925737833
0.05827433093544655,-0.10076171120672019,-1.2578684948258136,1.6459605487518867
0.5487388188641266,-0.8728616923420659,2.074002754644659,1.9971051674069171
-0.18767099092845213,-1.2167735465258702,0.782893279094758,-1.1292584601777111
0.278143726454627,-0.8502832139063852,0.5171008510043709,0.014982218821978296
0.15811908490510918,0.7248811521007156,-1.181671245920971,0.5548956011930374
0.7777673890849254,-2.301655164453028,0.5048528583366931,0.014127225595798265
0.8070082819444706,-1.157965449872643,0.16141163271536685,2.319170445356834
-1.6198719943917699,1.1240924644992798,2.742457983200624,-4.374550799798848
-2.2472685553408556,2.808072695807138,0.6626203390205152,-3.4099101215556633
1.0017453976515072,-1.5907276582486267,-0.22267924348971413,-0.32969741587184354
1.1877250932619365,0.05212355306034522,-0.34951716930217425,0.793547896557405
-1.0206230195133374,1.7313307776062588,-1.573222056901339,-1.7298297745870816
-1.8598354065456286,0.9199993220775431,-1.1164987034795066,-0.6324651555526082
0.09903482100720092,0.5523862264050575,0.443135457094317,2.5984407049792084
0.9308382263505294,-1.8916577278826983,2.1179142206575556,-0.8252966991252285
1.7975945224343146,-2.734109798298711,2.068675451569287,-1.137476774410992
0.516297572101451,-0.3057380664146193,-0.6077390471275761,1.8933443267306327
-0.37171669658569495,-0.04568738382730081,0.17171626871114046,-1.2560147132722197
-0.8931306215848627,1.9646125622247905,-0.30388125507629804,0.5296201253635999
0.011451291670654416,-0.7882516115181807,1.0917614543779464,-1.0336656450167874
-0.2992647038852564,-0.25982890792905555,0.07962030894731081,-1.0167410796196803
-1.0150679057288161,0.5617105933264704,-1.3125570295289353,-0.37574233137712965
2.0487556508632867,-3.0241455293909825,1.196601649903267,2.1737868219535157
1.785168402072131,-1.0430105269387444,0.5895843918232783,1.323555537247393
1.1360486835554284,-0.734462126656211,-1.44541132188791,1.7647167744388028
-0.9208503978091276,2.814964431383024,-1.158028288321443,-0.4011472387439021
0.8550193242972788,1.2416210147425202,-1.4699326775723984,0.6976189465268006
0.6396264094979018,-1.798268723329822,1.8568889866308518,-0.19920163789992396
0.44254562420405297,-0.4606356217175746,0.932511059901582,-1.9526841491515592
1.2496652670437771,-2.6757986370959657,0.7140213178259947,0.4306954169044433
0.6353711428612774,-1.5400512991817998,-0.7392101451903481,1.9757405676113922
0.7400142363043355,-1.518099593820872,0.240758719712437,0.9485328390687799
0.6369062833722101,-1.8214424141849266,2.0189004635956733,-0.12231283982114982
0.3407914080021059,-1.4608369625009407,0.5001162363231909,-0.04025648934272623
-1.7836111297141835,1.996048977136765,-1.063598499509384,-0.04770711204351641
0.08362107741055723,-1.3170637112790757,-0.7028898637019161,1.5087052865127462
-0.5561919588491252,1.509557309756583,0.8389995428493142,-0.7529698304808832
-1.2798409576400205,0.6180556117505104,1.2933363569618668,-1.3856147259637863
1.681816619300824,0.7913890269354034,-1.287807438407758,3.501887042519914
1.7289953408857035,-2.5261788600272395,1.8580900880954263,0.1617682999605854
1.359220600295612,-1.5590470784376822,0.8924742519008262,-0.4734882276967385
0.2552134168558746,-1.6015972846930846,0.9929379675595473,0.00604030709240283
1.3506251209526567,0.08534161298445131,-1.3210716525703332,2.9565270206785845
0.012053180601825543,1.1050368640807255,-1.4317400867462382,2.1059485505229403
0.20279727689777938,0.0535591384587773,2.424299708283877,-2.41025406625645
-1.093471370461983,-0.03463690422518617,1.4618623414716967,-3.1325532058155323
0.39699130449884,-0.2657226876739877,-0.5422430660439177,1.2761608474872368
0.0603859284244171,-1.1938941601265554,1.4916927755406462,-1.04892741046468
-1.3026521168344645,3.025537803674718,-2.691731247695992,-1.434467065701845
-0.051197111816596905,0.8706312660330889,0.7618962686127243,-0.21453604727297282
-0.07972956385680847,0.19111451511590627,-0.769288508326009,-1.4016234794032376
1.79756116664464,-4.59344906322089,3.197140656205555,-1.2059377279081605
0.8942133285134095,-2.056471972875122,2.2014317425200165,0.7943138144608463
0.011445439091466015,0.6740266046901132,-0.23101175128928192,1.9991772267102252
0.248787309801083,0.9143389199618562,-0.9274648839868987,-0.29276490889994133
0.044212378104198057,1.0561149577670939,-0.9750712796177278,0.40179197423433305
-0.20291398479554773,-1.3485162204867982,1.3195546893874495,-1.104271142767611
-1.0824271973882869,1.6004649436788483,-1.151175180327836,1.3963796366839376
-0.15105187760692926,1.1967774696112445,-1.405741650334281,0.3249931420419729
-0.7460982566525134,-0.7630176575992291,2.763184870812252,-3.231821514919619
-1.2503155389231464,1.492474131334539,-0.4515109197477247,0.48943610947080796
0.5112218145475347,-0.3396237791485853,-0.8891123197870741,0.809933467134982
0.39126465993323495,-0.7702821767666168,-0.13605536571814142,1.2478315908957152
-1.786707511368078,0.29188715824049183,2.267038247375243,-5.029448000779983
-0.12268463749512722,-0.17847654507957603,0.9343832337321987,-0.9602541089495051
0.9957013858999235,-1.5221470933349321,1.133700453513757,-1.3579156312961183
1.0592237388963208,-1.4191408912233392,0.17232661207415717,-0.010916296621661381
1.0258368428852387,-1.794475636887356,1.3677210690633745,1.010217133981664
0.0389132069014598,-0.4897080015232191,-0.23395448910091865,0.1566672788755362
-0.8450453279691511,0.9743481112160034,-0.4604910690648567,-0.9263118529736412
-1.0836988273580606,1.7428931977993838,0.2681596712587485,-2.1285301039559084
0.3446049047503575,-0.7179526485570962,1.2447511388201649,-0.7129164751900049
0.379280034365163,-0.8647849696061974,-0.5070274007973559,1.0732403854605221
1.2873311116050654,-1.4524432956716204,-0.5781923760881695,2.8037150924890524
1.0999796503420836,-3.240891506305682,2.145520788214856,-2.9170336204709093
-0.1322286565311721,0.6357095150638646,1.2597767363369694,-1.8590564118829775
-1.2442058788608694,1.4924839575100843,-2.2634360231393744,0.37487499163961113
-0.31910659701089783,0.4226214430106392,0.15325891846964723,-0.5571616156030266
0.21723119481052466,0.7000568738218345,-2.1798794738612193,2.1682461885211555
-0.2020832453894041,-1.7103156355809632,1.0666196748088446,-0.7013850561679817
-0.5778941080776558,-1.2803609401657767,1.2502117145470824,-1.8156995820617863
0.2528848149698989,-0.029657932640359153,-0.5961240560364869,0.16860693970525253
-0.5039577414106104,0.5976324345642168,-0.6684989376385151,-0.3319057489402119
-0.628066083725374,0.923856243662381,-0.3218106919394735,0.6831371420824627
0.31145283430343956,-0.835870476336573,-0.03213440537041434,-0.36691573141264083
-0.4019925801292048,1.146744770394977,-2.172933614106268,1.0160549685883067
0.24410438897835213,0.6397135762170975,0.008843882744706932,0.4456663239533135
0.2732040228521227,0.1561374665289798,0.39378522899110047,1.5852256947180228
-1.1394290010915746,1.1064863429053062,0.7588798022811531,-2.0848960210338525
-0.4812411238654122,-1.5302000389759085,0.22143843790656548,0.2744345132244117
1.4377769399164624,-0.9560961198626267,0.009183108527344885,2.80710586120399
-1.1620795127342871,2.6162240814987374,-0.7489592073545109,-0.8177702838502067
-2.116654448970531,3.1845437507486167,-2.2039678849369153,-0.9962613534885063
-1.8618451532425115,1.3545717565235071,0.27953478990498204,-2.5727576935484664
0.029109946576669203,0.6388624577757548,-0.7145308145698804,0.27636937719066995
0.03091727803269891,0.8234289743222067,1.0763307592521185,0.13481733493631864
-0.11761085542512094,1.6999492743092308,0.4886303744743621,-0.2404032258441726
1.2141898289285016,-2.3331377189421594,-0.5358843094250587,1.9460175375887623
-2.672834433102938,2.980946735179387,1.9493424905488914,-5.429881130177291
0.3959338744308236,0.27215140182646685,-1.476909082341803,0.5018735421379333
1.5614382018035733,-1.8163157707261302,1.3662069265380845,2.9046839981842516
-1.127780764891714,0.23600931581878193,1.6603142085401983,-2.5806045126477137
-0.3798065117898951,0.870384099174577,-1.47519070666701,-0.1599256638803379
-0.7528919172286209,1.4821319344895119,-0.23833741341856485,0.7697542460308096
-0.8943460460775288,1.1611781516240365,-0.43711724386567385,-0.39599003129575794
-0.32626200502304,0.6110993332075921,0.26535020876398974,0.03352156520438476
1.4274852836845047,-1.9716882421071356,0.8632034933294439,0.827944291440811
1.8373866754875203,-0.7265850748689648,0.38035671236229895,1.4362025538058587
-0.3359392250401477,-0.4975651136644993,0.7919595254762298,-1.0934911878748137
1.9050602140644701,-2.873393019641143,0.8941314769991413,0.08693603127289173
0.035576476984624864,-0.031706258854024214,1.0961386844381023,-0.8160903638434818
1.753691026701081,-1.2254752043404045,0.28037082740410246,2.028833627230935
-0.09329864965349177,-1.3854147905103467,2.0533256255029935,0.3105067813728175
0.1310578260461443,-1.4675661410208123,0.5513765938232188,-0.1558009420202789
0.36547447264283456,-2.4762978749061193,0.8910257279027658,-2.555873131835123
3.1788536793675353,-3.7819291899877716,0.29293118424226483,3.197701785550082
0.8512855748447891,-2.1398485070202904,0.6240138107618414,3.239108597904285
-0.7072645299514636,0.4641673259238396,0.9342602992826297,-0.565606957459411
0.9689978702758579,-0.5014192544393213,0.6520630830687546,-0.20143544465327312
-0.3618325370843415,-0.2073436762816368,0.32094504878854596,-0.031570810514201075
-0.48975018290120914,0.8189822422248154,1.0856351471429857,-2.0406832290811603
0.9086013598921112,-1.3896595396222553,1.8922818915114705,-1.6789433477235645
0.031085587771152785,0.6348116097710534,-0.35280000261033106,-0.0672152148585724
0.2785759145118061,0.14083696993384148,-1.1715057760929422,1.2180139884669074
0.013985221865292462,-0.708715962412961,2.202032838114971,-3.398194745062054
0.3365831266054347,-0.5725515053269743,0.18501250248152096,-0.9084266030097223
0.4249658974361492,0.5337843207971154,-0.6942134102353487,0.9637474375268629
-1.9369669327054153,2.7177371895005953,-1.235994949992772,-1.6736403369699708
0.6665726686095336,-2.1968492600825718,0.5541158728894902,0.7401600955939347
-0.9820194198303006,1.8340413649677434,-2.3336611229220203,-0.6613269030764781
-1.4422991355594112,0.6461483402350552,1.2051741257932675,-1.7160371886173393
-0.05841124385868244,1.4826065625914249,-2.071017965141957,0.20170111029462423
0.08398100331445427,0.9233216358636798,2.1613569540679483,0.22216353773596587
-0.6935061645722808,1.1220928734051376,-1.5411522370192783,-1.399808499494331
0.8310318576679744,-0.8400053857653759,-1.1662031139269113,0.6379229528001973
-1.342175166370907,1.4015779436176683,0.3224586994542653,-1.2847429695941543
-0.40694374877255896,1.1668564499270988,0.8046976730509535,0.6533067567121558
-0.5848741349330007,0.3310707924575391,0.234525251677837,-0.49248618848461595
-0.04658727033933937,0.2914745950471011,0.3471851009163548,0.26858235216766946
0.2788642846472388,0.5372972249427646,-2.5502063476249885,2.109432058122513
-1.0078929496235447,0.6476649960226639,-0.45409568241332854,-1.8172137210117627
0.7242826774562282,-1.4853319529381683,-0.3162431134581979,0.5279427763832103
0.06300236833469973,-1.2699683227260987,-0.802476254162152,-0.5808737368996008
-1.8919462533119105,1.20586275784812,0.5452607546101073,-3.7415333746470485
-1.958591440397031,0.5219144170349348,-1.14567744462425,-0.9507274538800129
-0.012319292929311235,0.7446119405307031,-1.9824912782216326,0.25101469044493885
-0.2209673177863541,2.0740753234263956,-2.227087730868091,1.6354513687660353
-0.1034201135746335,1.5494330797598659,-2.1430395168752487,0.08454278465947951
-0.02798245653021798,-1.5925055407902549,1.8520494541424717,-1.0308322999662152
0.22555983951018072,0.4541828641439831,-0.28363225743524934,-0.04202416529708919
0.9476496098482997,0.28492681810559684,-0.12075507823822007,2.533558659250528
-1.1111049009175582,0.8765159003624057,0.8524033431205597,-1.4951788356146407
-1.1719715929007948,1.5078133421310032,0.7213580557641139,-0.5583364982316126
-1.0933238578873825,-0.6959044213398113,1.499054665506682,-3.007641225955991
0.2889166671687069,-0.07996383262580675,0.14430101644493026,0.2729409626182937
1.2449473786464456,-2.557496583810452,1.817302724431442,-0.8837569487071975
-0.4313394382395105,0.717242343798927,-0.15878986143640017,-0.7769257218023996
-2.5016998441596545,1.4408368908027052,0.30741236368821506,-3.2291627059019996
-1.7039928626103755,2.5876496596100464,-1.2981329379005113,-1.6915573130281947
-0.8330367227960116,2.0241567427819036,-1.9728700885968693,-0.7508341919034995
-0.5577288874952148,-0.11390519672090993,0.9703146169548204,-2.7062393317657634
-0.4083886272547264,-0.6468562287047628,0.814866333552912,-3.3593820391746343
0.038581122980917065,-2.2023203901270816,1.288049702092875,-1.9155420196894615
-0.3117463308224471,0.10768206291175952,-0.5097616112872185,0.6414060606682056
1.0493396105434072,-1.8408014669336938,-0.3931490959771897,-0.16902059323150231
-0.6760173056813688,-0.7397986455304123,2.185473966759666,-3.6415736592345773
-0.862317959475543,1.4878003076828232,-0.570548239802319,1.2417325836714408
0.4788755385204616,-1.024621028089203,-0.3237415251093567,0.11688611010080352
-1.5356420699261193,0.7670345252661106,1.3467303328034141,-2.310871500716285
0.3896917053200022,-1.0222024520244497,0.04778003277163001,1.0375319994123562
0.10255318372626686,0.9482407184580954,-2.341959820605532,2.414706506304046
-0.1474424899181674,0.7798679316570232,0.43729514266234604,-1.990607569381686
1.5882761071492624,-2.0359573900776047,0.024643775784321198,1.4987933949156738
-0.6222074452947179,1.365753952818514,-1.1403116915096778,-1.5044372752858073
2.0602981705240784,-3.633269761015633,1.6628842688439842,3.5486268582960205
-0.2254314492280993,0.3028878398007496,1.0503353263519197,-2.578084586612853
-1.2770164449702281,1.6797420644507444,-0.47011741116317574,-2.1234761205228483
0.0699195809948253,-0.5537400056925172,-0.756686785817825,-0.43400856567471935
-1.0762452003187681,1.7269525763399396,-0.14938415433875085,-2.5759612890363996
-0.7517558478135002,0.12167356273174901,0.00690874753050208,0.5208263538903436
0.39703330001549114,0.03338074775752853,1.5402546585352976,1.7810062701258278
0.5555820886501248,-0.11483973484885779,-0.34222963155401803,0.3749519202903326
-0.6221677002542582,-2.1705586403919566,0.2162014386575013,-2.156148624184345
0.9874051450464006,0.005419529454437022,-0.4374367203904399,-0.8445741349016724
1.157507758021134,-4.436641874978115,5.011569273323625,-2.4789486760253916
1.436301756563291,-2.3396111334320744,2.5325289033836236,-0.5092037233103601
0.5294134071257222,0.3900519457068884,1.056376811919788,-0.8084051468657018
1.3634287120856987,-1.953401179755279,-0.35244209327027143,1.967856302559687
-1.8807984279740577,0.790772131099327,1.7050962203666307,-2.867272482212619
-0.31790654862846257,-0.7122492033625156,0.17335498219232248,-0.14796243308803392
-0.8670052563234263,2.067312053908731,-0.9426872440421926,-0.6099495830947212
0.11922586112739209,-2.0645755639015086,0.4897848898697117,-1.3133228052429287
-0.5714492191967373,1.8147301639981022,-1.8205535371236183,1.3116264326768374
-0.16615784194973238,0.14428731129738953,-0.67317900397148,0.30096543605686077
1.8821748802040494,-3.4510051866872926,2.49872004399794,1.2096458622605468
-0.1697197964203783,-0.37945131659823716,1.2780011437443715,-0.29121702721124465
0.4137923171902139,-1.513775121729898,1.308183485135558,-1.8823189597327707
-0.2322693299242352,1.1449483967676108,-2.195059511206847,-0.15317681252946902
0.07571328795683367,0.6415718642146379,-0.949624742108361,-0.0075187825121586505
0.006016680436071459,-1.7263811503993325,0.8028132080678161,-1.6116163054584605
0.4483240659731595,-0.9415809976871254,1.3584394018343764,0.2975006672625128
1.165307535547177,-2.261554705000889,2.2813380588802428,0.036211323873642565
1.6473939976033294,-0.6833628286646249,0.353496933746382,2.663869537526506
0.30962008190916684,-1.7216432164174211,0.546563409831325,0.35447452062907436
0.5895468860356021,0.8967728414422914,-4.018266188416023,3.6699374884037472
-1.150864509185567,1.3477426715057426,-2.059238695136769,1.3752459068357852
-0.08787674241562057,-1.056482315481343,2.4427624559479133,-1.3368707960856734
0.940289464883589,-1.8056215418695847,0.47157287645593104,0.7723183612905149
0.8659686384171532,-1.8407812068690343,0.21320355718329587,2.283776046161247
0.21160973279505021,-1.5285500813695663,2.8490675804328034,-1.646395717075617
0.8863939595679524,-0.9688458917511673,1.4280060804100154,-0.3289115056801846
0.49076670899381886,-1.816835601484426,1.266987396060715,-1.1848710561269493
1.2003062582593216,-3.6207337186493747,2.005012249113006,0.6198537687515611
0.2893591569571111,-0.7269074591967064,0.2906281748982217,1.3519058920665359
-0.35569831557103465,-1.376018217732641,1.7501378468036708,-1.6669520413241374
0.33584125693302364,-1.1551703763871486,2.3710276145216227,0.01762167624102884
-2.9305943758527757,2.607610362419975,0.4200935987414697,-5.4877343645286585
0.38288573638504947,-1.3306789556878735,1.6173315040501879,-0.7664111176194919
-3.6484128252147836,6.379058491847894,-1.653152273421106,-2.8961424284459247
-1.723463407405418,2.124567656056072,-1.7030161655505494,-1.4306928046679226
0.45176860094098414,-0.29675131213384875,0.6605231926417194,2.418440264167752
0.47752933726679525,-2.3494335010624487,1.4378979264811564,-0.5474389102320958
-1.1624287801399305,0.7409514025309946,-2.2530084339387164,-0.10929652600125561
-0.7121020418789388,1.0698250801962386,-2.521330480659276,1.0075812038281653
1.370540988614132,-2.6691780992499647,0.28770988691497723,-0.6966155718907683
-0.48403013157267616,1.4888990014051968,-0.4215617674139548,-0.9972078328850906
2.242920312402985,-3.8942009607846124,1.8242441801240596,2.1734813870018463
-0.001919853176346149,-0.28406231205356025,0.44155867056494513,-0.9401482628222171
0.4080361768812668,-1.0756950522330788,2.5926400881914495,-2.1948834299648925
1.6168743984986076,-1.775928618816413,-0.964253376723927,3.7630648385696173
0.13102711619341956,-0.7977226112875294,0.5856953030203172,1.0743975166503683
-1.0023439806908012,0.931919149758024,0.267583472584235,-0.7728963374077042
-0.10972745169429012,-0.10445714974483741,-0.5544797204125498,-0.1876817266136016
-0.03561073619009093,-0.6916548739631919,0.6793047206018864,-0.7541561793467441
-1.3647416522015654,2.1227838511389914,-2.418661478348185,-0.6123027441529518
-0.25583207134082336,0.5453868604464133,1.1237236999459146,-2.062794987465691
-0.7421920939974367,0.8020165675437566,-0.8096757881218654,-1.294054740020307
0.9243577571874341,-1.5396876420868788,2.6776328369067466,-1.4756038597137526
0.03461187418525562,0.7550097814976903,-0.7396726266135809,-0.4788770904514572
-0.28279574914757005,0.10352065516290268,1.1611215750706267,-2.6875655451549147
-0.10618193062257626,-0.1792789710788457,0.19299374947786777,-0.03249307856543557
0.22312201840616613,-0.16305639219927334,-0.06249069400611673,0.5237732869445015
0.6168141996897798,0.956409643343115,-1.9382493719826352,3.7360629384749187
-0.9997122286693814,-0.14070153361794624,1.0455250925579345,-2.4998893846815764
-1.0415876326212719,2.019762052200881,-0.6665170464697281,-0.3830838737313189
1.10467921540253,-3.218786219721141,1.2289057165118231,0.6676257146593086
-0.4123368722047306,0.7120774048743006,-0.4360445824829703,-0.4021769128126576
-1.416842092596874,3.2752933387249796,-2.424389196832096,0.8828797246755816
0.44381270938310463,-0.04390672679241836,1.9841299562215315,-0.1254678021829424
0.4633698060326869,-0.3854186886994314,-0.11354979490827981,0.9166027382692914
-1.5307152572567064,1.2764088399049722,1.6210364015874494,-3.074151969141387
0.2294817154636063,-0.24433085806777327,-0.15930993091757742,0.006416730097736079
0.7355830924283736,-1.1347625263174046,0.6921074412778734,-1.0430877060203594
0.37438645170626306,-1.235240349978871,-0.5091569180292956,-0.03768283912029535
0.6319814837613953,-1.048253395988544,-0.009229722487291259,0.07963291397695083
-1.404269098090749,1.8835040783353385,-0.36120372123995864,-2.4158251654612872
0.3310401549961956,-1.164465254526075,2.369190436036378,-0.8543651680419848
-0.30261975947044656,-0.44313810932014824,0.8629028836407618,0.2597141150209855
-0.4827901587246448,-0.7808952471226006,2.4727582105830557,-3.170062354334398
0.8705556094197265,-0.6539417052147756,0.532832157360437,0.8680700959540306
1.47927451067423,-1.2298061508420157,1.550807266683116,-0.4924742644662383
1.794370054600359,-1.9215836212839132,0.23488699817017922,1.5044639904021075
1.314807871505905,-0.6125989530784203,1.8897154712176585,-0.566841750373641
-0.10973418163018368,0.21954865503694793,-0.5952026471432292,0.8978299018134999
0.35272016302634307,-0.031253258265854955,-1.020510032179474,0.4235610280124308
0.7668228717842437,-0.6163500205035295,-1.2687961286632525,2.7433228627335913
0.12117794929946196,-0.23695355857756223,2.4473405148383067,-1.8255633898196053
0.13076418791154437,-0.6877388536235005,1.3338011905498126,-1.4394239362770007
0.823753131876182,1.2256488575404927,-2.096207210667697,1.120168230186025
